{
    "samples": [
        {
            "x": 2.887,
            "y": 7.009065628051758,
            "heading": -1.5398892483108532e-21,
            "angularVelocity": -8.04673182000111e-21,
            "velocityX": 1.0015806780228449e-20,
            "velocityY": 1.9473137230000455e-18,
            "timestamp": 0
        },
        {
            "x": 2.886999999997393,
            "y": 7.009032814007864,
            "heading": 0.23784999999990514,
            "angularVelocity": 3.1632542138616513,
            "velocityX": -3.4667100033677064e-11,
            "velocityY": -0.0004364059811663455,
            "timestamp": 0.07519155398817645
        },
        {
            "x": 2.887,
            "y": 7.009,
            "heading": 0.4757,
            "angularVelocity": 3.163254213864175,
            "velocityX": 3.4664801965345436e-11,
            "velocityY": -0.00043640550199223885,
            "timestamp": 0.1503831079763529
        },
        {
            "x": 2.887,
            "y": 7.009,
            "heading": 0.4757,
            "angularVelocity": 3.4883497160365353e-19,
            "velocityX": 2.982733311452084e-19,
            "velocityY": -1.0920944360438333e-18,
            "timestamp": 0.22557466196452935
        }
    ]
}